Latitude,Longitude
40.9829086,-74.1403892
41.0991541,-74.1446812
41.516964,-73.5928317
40.8561878,-73.9650974
41.0428959,-74.0711699
40.8890613,-74.4804272
40.8890613,-74.4804272
40.7330715,-74.0373803
40.7105977,-74.1017801
41.0289012,-74.1281999
40.67801,-74.281539
41.0369385,-74.5025919
41.0369385,-74.5025919
40.0566437,-75.1895744
40.1006025,-75.0264317
40.9082519,-74.3971466
40.0602797,-75.0453371
40.7453509,-74.0339282
40.7453509,-74.0339282
40.9180609,-74.1269794
40.8372059,-74.2077637
39.8991212,-75.3015989
40.8115165,-73.9841761
40.6283967,-74.3160204
40.6283967,-74.3160204
41.2036912,-74.6012609
40.9836987,-74.9968949
41.036468,-74.029973
40.782138,-74.006992